block	start	stop	num_variants	num_variants_in	num_variants_in_0.95	num_variants_in_0.5	num_CS95	num_variants_CS95	num_variants_in_CS95	risk	h2_beta_mean	h2_beta_sd
1	60197	460473	950	309	0	0	0	0	0	FALSE	2.14123340950519e-5	3.13401236065613e-5
2	461969	1160449	1783	465	0	0	0	0	0	FALSE	1.75920581017127e-5	2.15232758473761e-5
3	1161939	2751092	5475	1438	0	0	0	0	0	FALSE	7.54502606586169e-5	5.13444688092371e-5
4	2751249	3558555	2287	723	0	0	0	0	0	FALSE	3.42244534883812e-5	3.140395857496e-5
5	3558771	3586338	61	21	0	0	0	0	0	FALSE	1.27514644551571e-6	6.86260768233905e-6
6	3588426	4609648	3167	770	0	0	0	0	0	FALSE	2.72263119092144e-5	2.52858392358355e-5
7	4613655	4841657	499	168	0	0	0	0	0	FALSE	5.70919666099161e-6	1.05818304378929e-5
8	4848929	5107325	553	191	0	0	0	0	0	FALSE	8.63285974203154e-6	1.55503895933805e-5
9	5108726	5497558	898	297	0	0	0	0	0	FALSE	1.34343606573607e-5	2.08879318801095e-5
10	5499405	5801098	876	202	0	0	0	0	0	FALSE	8.05787455351886e-6	1.42282650617684e-5
11	5803401	7014131	3987	915	0	0	0	0	0	FALSE	3.85397513859707e-5	3.18198845876907e-5
12	7016598	7509984	1026	226	0	0	0	0	0	FALSE	9.26952483123079e-6	1.59839933080621e-5
13	7510856	8294303	2897	548	0	0	0	0	0	FALSE	2.3484826288738e-5	2.55941241853923e-5
14	8295878	8716628	897	279	0	0	0	0	0	FALSE	3.383384387551e-5	4.45051547938971e-5
15	8727963	8770964	61	27	0	0	0	0	0	FALSE	7.49535998583922e-7	3.17729023625879e-6
16	8771263	9243656	1312	342	0	0	0	0	0	FALSE	3.09713864966786e-5	3.73632207774596e-5
17	9245822	10527891	2926	815	0	0	0	0	0	FALSE	3.62248201921588e-5	3.07582786570146e-5
18	10529067	10672963	386	160	0	0	0	0	0	FALSE	5.01995408924285e-6	9.68083983012596e-6
19	10674782	11073249	1111	319	0	0	0	0	0	FALSE	1.02125992693728e-5	1.36576635245861e-5
20	11075014	11813308	1623	398	0	0	0	0	0	FALSE	2.0142997462306e-5	2.81401355156265e-5
21	11813888	11880816	137	29	0	0	0	0	0	FALSE	8.15969741086539e-7	3.58095443474302e-6
22	11883827	13049765	3113	650	0	0	0	0	0	FALSE	3.22426420181264e-5	3.18990237736199e-5
23	13050686	13153642	305	120	0	0	0	0	0	FALSE	4.69404879481067e-6	1.14217706108704e-5
24	13155363	13214152	125	41	0	0	0	0	0	FALSE	1.63631658153648e-6	6.33002131880881e-6
25	13217342	14451197	3221	840	0	0	0	0	0	FALSE	4.68856975363929e-5	4.25043137546272e-5
26	14451837	14816636	817	264	0	0	0	0	0	FALSE	1.0922612472789e-5	1.70205751892496e-5
27	14817654	16134610	3066	670	0	0	0	0	0	FALSE	2.98847536123389e-5	2.73429899357571e-5
28	16135467	16663781	1429	387	0	0	0	0	0	FALSE	3.58704153290925e-5	4.17023737035037e-5
29	16664444	17156625	1339	281	0	0	0	0	0	FALSE	8.42487264191148e-6	1.18631903383e-5
30	17156677	18600903	3076	501	0	1	0	0	0	FALSE	7.60405576046075e-5	6.65993607523892e-5
31	18604810	18930037	1106	158	0	0	0	0	0	FALSE	6.74093325485246e-5	6.37890036921896e-5
32	18930125	19788840	1106	288	0	0	0	0	0	FALSE	1.38777956337178e-5	2.17680251025401e-5
33	19789885	20950470	3532	654	0	0	0	0	0	FALSE	2.88805220172101e-5	2.98244783404945e-5
34	20957810	21523342	1987	441	0	0	0	0	0	FALSE	2.10690221041536e-5	2.38651012623651e-5
35	21523966	21786396	590	182	0	0	0	0	0	FALSE	8.51575497771347e-6	1.43867288372957e-5
36	21788882	22203294	1725	352	0	0	0	0	0	FALSE	1.51930779135536e-5	1.97829341186986e-5
37	22203518	23695548	4026	711	0	0	0	0	0	FALSE	8.45502651684917e-5	6.22601594146658e-5
38	23696768	24357286	1468	434	0	0	0	0	0	FALSE	2.02772194630623e-5	2.25911805228983e-5
39	24358145	24719220	851	213	0	0	0	0	0	FALSE	8.74605579986298e-6	1.49907070143262e-5
40	24719818	25509579	2326	556	0	0	0	0	0	FALSE	1.9786711856507e-5	2.14085435256814e-5
41	25510855	26877966	3220	610	0	0	0	0	0	FALSE	2.70104151809127e-5	2.7314470322225e-5
42	26878383	27840692	3161	487	0	0	0	0	0	FALSE	2.46991463375211e-5	2.67622584863936e-5
43	27841114	28648163	1444	307	0	0	0	0	0	FALSE	1.23905261280005e-5	1.92447006026054e-5
44	28648944	29215091	1400	338	0	0	0	0	0	FALSE	1.70683525296266e-5	2.20860266287963e-5
45	29218259	29320253	289	107	0	0	0	0	0	FALSE	5.71684988953799e-6	1.33924288667698e-5
46	29320833	29411413	225	68	0	0	0	0	0	FALSE	4.59514071915327e-6	1.50472249944227e-5
47	29412644	29879422	1581	314	0	0	0	0	0	FALSE	1.0506151109507e-5	1.40180795501293e-5
48	29879955	30267757	1206	250	0	0	0	0	0	FALSE	7.4668754581991e-6	1.22226452973246e-5
49	30268158	31851186	3737	756	0	0	0	0	0	FALSE	3.1478179043614e-5	2.85480725542301e-5
50	31852083	32370901	1296	411	0	0	0	0	0	FALSE	1.32960822935422e-5	1.71555580761052e-5
51	32373386	32907428	1735	316	0	0	0	0	0	FALSE	9.49033352091923e-6	1.26449751191001e-5
52	32908533	33988918	2486	500	0	0	0	0	0	FALSE	1.95206051647047e-5	2.06131885578115e-5
53	33989988	36029389	4831	1043	0	0	0	0	0	FALSE	4.11130833910489e-5	3.14353432291318e-5
54	36030643	36832949	2350	423	0	0	0	0	0	FALSE	2.11654215019546e-5	2.46360215817601e-5
55	36833883	37833847	2007	441	0	0	0	0	0	FALSE	1.60101257158025e-5	1.84731155933365e-5
56	37834317	38659952	1814	409	0	0	0	0	0	FALSE	1.78832082618115e-5	2.14480713465418e-5
57	38662160	39595128	2763	519	0	0	0	0	0	FALSE	1.63446416186823e-5	1.76522642386543e-5
58	39604954	41013437	2776	476	0	0	0	0	0	FALSE	1.52762143232339e-5	1.66817097385925e-5
59	41017070	42416786	3608	567	0	0	0	0	0	FALSE	1.91999766681088e-5	1.93755213172732e-5
60	42416865	44116644	3390	801	0	0	0	0	0	FALSE	5.14819211334714e-5	4.87069851876967e-5
61	44122242	45166416	1799	367	0	0	0	0	0	FALSE	1.23483501714093e-5	1.53026123656819e-5
62	45168583	45818294	1993	365	0	0	0	0	0	FALSE	2.17777839597407e-5	3.12469331549789e-5
63	45819837	46659307	2305	369	0	0	0	0	0	FALSE	1.23703912366418e-5	1.59506784515129e-5
64	46660223	53600137	10095	1607	0	0	0	0	0	FALSE	1.82383109194799e-4	8.70980255089821e-5
65	53602732	54077334	1008	300	0	0	0	0	0	FALSE	1.12344509347114e-5	1.57480872386803e-5
66	54077748	54637292	1444	362	0	0	0	0	0	FALSE	1.3618180293686e-5	1.72709335705169e-5
67	54639469	55348750	1612	542	0	0	0	0	0	FALSE	1.86036326895418e-5	1.92557122391324e-5
68	55349432	55618154	620	204	0	0	0	0	0	FALSE	1.14932716573596e-5	1.92591825446333e-5
69	55618492	55734117	198	78	0	0	0	0	0	FALSE	2.16724574998376e-6	5.48748854384937e-6
70	55734776	56954521	3651	572	0	0	0	0	0	FALSE	3.21082141716805e-5	3.26058641583537e-5
71	56956455	58700496	4296	661	0	0	0	0	0	FALSE	4.94778446956224e-5	4.22768953438347e-5
72	58705874	59409741	1104	221	0	0	0	0	0	FALSE	8.94771710811148e-6	1.58357314170079e-5
73	59410065	59776281	1105	258	0	0	0	0	0	FALSE	1.81217866318736e-5	2.75183498235701e-5
74	59776494	60349304	2073	595	0	0	0	0	0	FALSE	2.08400976049516e-5	2.02971707681356e-5
75	60349431	60479647	384	101	0	0	0	0	0	FALSE	2.93827376756071e-6	7.04954197258627e-6
76	60480401	60574721	283	97	0	0	0	0	0	FALSE	2.77294349479536e-6	6.34725083051532e-6
77	60576077	60746277	529	164	0	0	0	0	0	FALSE	5.59196848958591e-6	1.04907931786696e-5
78	60750560	61655192	2654	621	0	0	0	0	0	FALSE	2.01291015081621e-5	2.00932055788735e-5
79	61655974	62587277	2118	716	0	0	0	0	0	FALSE	2.78541358544894e-5	2.55664375657796e-5
80	62588619	62883050	1055	203	0	0	0	0	0	FALSE	7.50523229273417e-6	1.31283616763219e-5
81	62883380	63437107	1502	336	0	0	0	0	0	FALSE	1.5759099001889e-5	1.99596904615981e-5
82	63437858	63500177	247	61	0	0	0	0	0	FALSE	1.54501632723457e-6	4.6530273885956e-6
83	63500886	64477681	2134	641	0	0	0	0	0	FALSE	2.1922492423206e-5	2.2264457581141e-5
84	64480785	64639655	298	72	0	0	0	0	0	FALSE	4.3087995413018e-6	1.23705793238921e-5
85	64641906	65331593	1922	510	0	1	0	0	0	FALSE	1.44278124647213e-4	9.31849913935781e-5
86	65343539	65728243	831	257	0	0	0	0	0	FALSE	9.78335537320519e-6	1.51650300631686e-5
87	65728335	65831785	313	76	0	0	0	0	0	FALSE	2.55463916194686e-6	6.75054021241405e-6
88	65832507	66699618	1418	427	0	0	0	0	0	FALSE	1.83596751226464e-5	2.12748037081511e-5
89	66700086	67455804	2418	459	0	0	0	0	0	FALSE	1.85174786316467e-5	2.35954730216156e-5
90	67457150	68321267	2053	427	0	0	0	0	0	FALSE	1.3187503208061e-5	1.52631823077621e-5
91	68322450	69345213	2260	499	0	0	0	0	0	FALSE	3.27596356931674e-5	3.77468648247594e-5
92	69347922	70447447	2525	586	0	0	0	0	0	FALSE	2.94233606128412e-5	3.04247637558176e-5
93	70449145	71709253	1797	595	0	0	0	0	0	FALSE	1.07129059788366e-4	7.52879494750024e-5
94	71709388	71743806	57	20	0	0	0	0	0	FALSE	6.96349210480496e-7	3.83980628954212e-6
95	71745012	72225738	1151	411	0	0	0	0	0	FALSE	2.33268430568678e-5	2.86513817302122e-5
96	72227397	72638400	833	322	0	0	0	0	0	FALSE	1.21986422669184e-5	1.6596043672786e-5
97	72639794	73413820	1623	346	0	0	0	0	0	FALSE	3.59154296958782e-5	4.17254840895984e-5
98	73419091	73876755	998	296	0	0	0	0	0	FALSE	6.11834893864695e-5	6.27815758598401e-5
99	73880572	74376341	1193	279	0	0	0	0	0	FALSE	1.31983103242962e-5	2.01196422223746e-5
100	74379786	76158700	3104	440	0	0	0	0	0	FALSE	1.56334089124867e-5	1.82337062105392e-5
101	76158788	77150682	2159	444	0	0	0	0	0	FALSE	1.72945422364401e-5	2.00228379506074e-5
102	77153161	77749428	1597	312	0	0	0	0	0	FALSE	1.06780453536644e-5	1.49197357546364e-5
103	77749472	78277273	765	192	0	0	0	0	0	FALSE	6.97103635577079e-6	1.29680496986656e-5
104	78279461	81421530	7750	1201	0	0	0	0	0	FALSE	6.06947967130479e-5	4.6137313468722e-5
105	81422580	87408136	15267	2041	0	2	2	74	4	TRUE	0.00238868574402732	2.75708177333483e-4
106	87409036	97360556	16148	2156	0	0	0	0	0	FALSE	2.38066842868643e-4	1.0116804014557e-4
107	97363551	97721745	422	95	0	0	0	0	0	FALSE	2.30076922189266e-6	5.15162078599526e-6
108	97722331	100592854	8243	1145	0	0	0	0	0	FALSE	5.69523825673171e-5	4.2702961332881e-5
109	100592998	101810719	2928	446	0	0	0	0	0	FALSE	2.7192544357953e-5	3.00836298494967e-5
110	101810917	103702069	4998	583	0	0	0	0	0	FALSE	1.91292431570466e-5	1.90166335845142e-5
111	103702788	105338507	5222	842	0	0	0	0	0	FALSE	3.60470306817787e-5	3.02952491506712e-5
112	105339765	106335082	2721	512	0	0	0	0	0	FALSE	2.17960168671157e-5	2.46677534658697e-5
113	106335488	106411106	297	35	0	0	0	0	0	FALSE	1.42510980887098e-6	5.94118795670657e-6
114	106412180	107721381	2682	657	0	2	0	0	0	TRUE	2.90922363732379e-4	1.17007684701651e-4
115	107723742	108983718	3434	592	0	0	0	0	0	FALSE	2.57091645239942e-5	2.51465157696963e-5
116	108985129	110512771	3467	508	0	0	0	0	0	FALSE	1.58790471537087e-5	1.71220947768766e-5
117	110515721	110928208	735	95	0	0	0	0	0	FALSE	3.38697836206616e-6	8.52168526792015e-6
118	110929426	112409231	4309	752	0	0	0	0	0	FALSE	2.77904413250332e-5	2.46034692078242e-5
119	112410940	113652214	3509	616	1	1	1	13	1	TRUE	7.90700230219661e-4	1.56075620850692e-4
120	113652774	114133443	922	257	0	0	0	0	0	FALSE	8.55067158759141e-6	1.3137814699254e-5
121	114134075	115288678	2093	494	0	0	0	0	0	FALSE	1.86799627079659e-5	1.9890552396384e-5
122	115289049	115316949	54	15	0	0	0	0	0	FALSE	7.62603743872439e-7	4.38249325553913e-6
123	115320434	115443899	196	90	0	0	0	0	0	FALSE	3.43641092752866e-6	8.74370527550257e-6
124	115444503	115644194	421	107	0	0	0	0	0	FALSE	3.51905384145658e-6	8.66773166138931e-6
125	115645679	116449699	2087	426	0	0	0	0	0	FALSE	1.3958928628479e-5	1.576765484868e-5
126	116452480	116839606	1040	270	0	0	0	0	0	FALSE	9.08782385992496e-6	1.30617183629163e-5
127	116839847	117237317	1057	238	0	0	0	0	0	FALSE	1.07352975566761e-5	1.85675461776382e-5
128	117237625	119100216	5091	929	0	0	0	0	0	FALSE	3.81564305466737e-5	3.22137169517008e-5
129	119101039	120388124	3468	712	0	0	0	0	0	FALSE	2.5411784469966e-5	2.29708840228219e-5
130	120389316	122685278	6560	915	0	0	0	0	0	FALSE	3.71949876441293e-5	2.9669714044557e-5
131	122685349	122858671	409	114	0	0	0	0	0	FALSE	3.93973843486145e-6	8.24728650021975e-6
132	122860765	123469645	1212	203	0	0	0	0	0	FALSE	7.55632506345937e-6	1.33417497636327e-5
133	123477509	124675836	2912	593	0	0	0	0	0	FALSE	2.12927898783649e-5	2.23815859220885e-5
134	124684194	124820822	384	101	0	0	0	0	0	FALSE	3.70706203686707e-6	8.9683782125492e-6
135	124821528	126103620	4209	592	0	0	0	0	0	FALSE	3.45530086029443e-5	3.62329203399914e-5
136	126105239	126801736	1987	356	0	0	0	0	0	FALSE	3.15652087930676e-5	4.69805799234744e-5
137	126805761	127491331	1435	341	0	0	0	0	0	FALSE	1.64296886548059e-5	2.27097229988146e-5
138	127493813	127615777	195	41	0	0	0	0	0	FALSE	1.82780822448683e-6	6.42970378269949e-6
139	127618008	128193653	1252	206	1	1	1	74	1	TRUE	9.22680361318593e-4	1.73110074640615e-4
140	128195642	131374120	6973	1260	0	1	1	65	11	TRUE	2.84236670662325e-4	1.02324574150499e-4
141	131374617	131831942	1558	237	0	0	0	0	0	FALSE	1.05883129466644e-5	1.69676558207894e-5
142	131837270	133130924	3339	471	0	0	0	0	0	FALSE	1.24925237578423e-4	7.97117708250321e-5
143	133132225	133251780	270	86	0	0	0	0	0	FALSE	4.21617660195145e-6	1.05169962731898e-5
144	133252098	133712018	1176	320	0	0	0	0	0	FALSE	1.84990309856532e-5	2.54771292570907e-5
145	133712196	134815187	2546	555	0	0	0	0	0	FALSE	2.11069719110153e-5	2.17153199030206e-5
146	134816062	135268650	898	252	0	0	0	0	0	FALSE	8.77957551118549e-6	1.39468071310635e-5
147	135269696	137771152	4846	857	0	0	0	0	0	FALSE	8.19599138958408e-5	6.30095506825927e-5
148	137771782	139033599	2078	422	0	0	0	0	0	FALSE	2.4314707529501e-5	3.37511960694856e-5
149	139033843	139949280	2147	494	0	0	0	0	0	FALSE	2.02904810464654e-5	2.25166103337997e-5
150	139950677	141020258	2522	560	0	0	0	0	0	FALSE	2.97856002319532e-5	3.28957516551349e-5
151	141020394	141416839	803	207	0	1	1	32	3	TRUE	1.73149449500254e-4	7.98889297912116e-5
152	141417872	142985100	3651	731	0	0	0	0	0	FALSE	6.02220746473057e-5	5.48373059296454e-5
153	142985288	143443001	1164	322	0	0	0	0	0	FALSE	1.23869557615416e-5	1.7912162950477e-5
154	143443577	143473838	67	17	0	0	0	0	0	FALSE	8.70782991150416e-7	4.99190402103366e-6
155	143477672	144885658	3766	549	0	0	0	0	0	FALSE	2.60353746553738e-5	2.90722761538049e-5
156	144886930	145421784	1873	210	0	0	0	0	0	FALSE	8.23084850226104e-6	1.39545387951308e-5
157	145422134	145915013	1581	257	0	0	0	0	0	FALSE	8.80151370824746e-6	1.31470758950921e-5
158	145915913	147374653	4048	720	0	0	0	0	0	FALSE	3.28180904156459e-5	3.16815677048454e-5
159	147377956	147494512	325	103	0	0	0	0	0	FALSE	3.7151522835747e-6	8.65221149268872e-6
160	147497698	148343790	2152	297	0	0	0	0	0	FALSE	8.98285912185763e-6	1.28106345013785e-5
161	148346525	149017346	1826	459	0	0	0	0	0	FALSE	1.40604034373762e-5	1.56372669379191e-5
162	149017394	149307290	857	224	0	0	0	0	0	FALSE	9.02893003658744e-6	1.44448820610246e-5
163	149309877	149993159	1639	350	0	0	0	0	0	FALSE	1.62822291155219e-5	2.09557422788963e-5
164	149996362	150609925	1243	294	0	0	0	0	0	FALSE	1.40016664208874e-5	1.9702166316624e-5
165	150615096	150697208	170	65	0	0	0	0	0	FALSE	1.78913093093638e-6	5.09855299770481e-6
166	150697363	151904266	2958	572	0	0	0	0	0	FALSE	6.57349250031787e-5	5.74030650560542e-5
167	151908989	153407913	3553	672	0	0	1	97	4	TRUE	3.29962055147265e-4	1.13453215072035e-4
168	153408281	154801365	3438	533	0	0	0	0	0	FALSE	1.49188081885186e-4	8.39317013871454e-5
169	154801978	154860908	112	37	0	0	0	0	0	FALSE	1.88723354455102e-6	7.40320408309638e-6
170	154864034	156009925	2706	452	0	0	0	0	0	FALSE	1.8419876037498e-5	2.09273116224896e-5
171	156012366	156788928	1932	323	0	0	0	0	0	FALSE	1.53481625982112e-5	2.07215342530842e-5
172	156790907	159267122	6427	971	0	0	0	0	0	FALSE	5.61777006735309e-5	5.15317046245e-5
173	159268864	159455723	371	69	0	0	0	0	0	FALSE	2.61882005612417e-6	8.82071451161487e-6
174	159457315	159750924	689	130	0	0	0	0	0	FALSE	4.00792933751576e-6	8.24924171827173e-6
175	159752356	161553375	4346	623	0	0	0	0	0	FALSE	1.01117384746816e-4	6.80464614927242e-5
176	161558415	165050185	11184	1176	0	0	0	0	0	FALSE	3.37014825234887e-5	2.29532435555895e-5
177	165056250	167299199	7710	889	0	0	0	0	0	FALSE	3.23250925898065e-5	2.645429419644e-5
178	167301631	167914061	1276	194	0	0	0	0	0	FALSE	1.22598760114734e-5	2.15970362471983e-5
179	167915088	168269756	517	123	0	0	0	0	0	FALSE	4.942964157453e-6	1.08765256560336e-5
180	168273517	169193383	2182	495	1	1	1	2	1	TRUE	2.19743266982836e-4	8.97074573597403e-5
181	169194244	170170389	2104	423	2	3	2	23	2	TRUE	0.00290919827758919	3.21761792320855e-4
182	170170650	171100287	2027	485	0	0	0	0	0	FALSE	1.67601268126679e-4	1.08787760250196e-4
183	171101038	171755927	1567	342	0	0	0	0	0	FALSE	1.65865243810731e-5	2.29980531785296e-5
184	171756395	171863425	149	32	0	0	0	0	0	FALSE	1.70118472425229e-6	6.5854179306188e-6
185	171865549	172046933	400	102	0	0	0	0	0	FALSE	3.92034175065901e-6	9.90727592843412e-6
186	172048594	172372093	796	263	0	0	0	0	0	FALSE	4.09361110912464e-5	4.80964712375475e-5
187	172372224	172974145	1140	215	0	0	0	0	0	FALSE	4.79787271277175e-5	6.47577980327112e-5
188	172977058	173417573	938	175	0	0	0	0	0	FALSE	5.99752108278826e-6	1.07018126485993e-5
189	173418029	173466146	91	34	0	0	0	0	0	FALSE	1.34572225877335e-6	5.55479071908263e-6
190	173466849	174275708	1867	388	0	0	0	0	0	FALSE	1.86277628028231e-5	2.29432149407965e-5
191	174277440	174990544	2147	402	0	0	0	0	0	FALSE	1.30959677750396e-5	1.58632673075561e-5
192	174992869	175053884	103	31	0	0	0	0	0	FALSE	1.8685166749021e-6	7.03771577837174e-6
193	175055759	175508949	1108	202	0	0	0	0	0	FALSE	9.29314094770185e-6	1.64344919644883e-5
194	175510360	176207737	1806	234	0	0	0	0	0	FALSE	1.81750056393774e-5	3.0087627646225e-5
195	176210523	176928828	2258	462	0	0	0	0	0	FALSE	1.89449157936608e-5	2.16131722517755e-5
196	176930201	177529910	1454	357	0	0	0	0	0	FALSE	1.65893379230198e-5	2.19125005506945e-5
197	177529957	178105312	1117	272	0	0	0	0	0	FALSE	8.13098150334036e-6	1.16380947938476e-5
198	178108491	179376062	2852	572	0	0	0	0	0	FALSE	2.81112481630865e-5	2.69335364170562e-5
199	179377152	181445500	3470	713	0	0	0	0	0	FALSE	3.38172685180833e-5	3.54014056655225e-5
200	181447877	182227238	1134	290	0	0	0	0	0	FALSE	1.18118148646226e-5	1.750318401238e-5
201	182229761	182393253	246	58	0	0	0	0	0	FALSE	1.69629403115511e-6	4.97707072197313e-6
202	182397853	183203717	1723	349	0	0	0	0	0	FALSE	1.59017588742475e-5	2.18230848342101e-5
203	183203958	184111782	1933	474	0	0	0	0	0	FALSE	3.98214286383612e-5	4.04593417715393e-5
204	184112652	184325413	756	208	0	0	0	0	0	FALSE	2.21247775479469e-5	3.46814225606493e-5
205	184326421	184489899	421	167	0	0	0	0	0	FALSE	6.08619046614245e-6	1.08464852488572e-5
206	184492919	185942320	2811	593	0	0	0	0	0	FALSE	2.9282810891133e-5	2.9133827957076e-5
207	185945613	186082149	234	110	0	0	0	0	0	FALSE	3.18558664140128e-6	6.9313530067827e-6
208	186082887	186601344	1207	395	0	0	0	0	0	FALSE	1.34747293499033e-5	1.63941123001928e-5
209	186607448	186883554	663	195	0	0	0	0	0	FALSE	7.79551789250258e-6	1.41875467369249e-5
210	186885500	188327461	3729	1057	0	0	0	0	0	FALSE	5.56689713087907e-5	4.67123429950493e-5
211	188327683	188645587	688	174	0	0	0	0	0	FALSE	8.83518545400148e-6	1.67138834205281e-5
212	188646093	189043344	652	168	0	0	0	0	0	FALSE	7.94975486498376e-6	1.61441260653416e-5
213	189043611	189491283	1415	367	0	0	0	0	0	FALSE	1.82172182915814e-5	2.43350025923038e-5
214	189491376	189845963	947	233	0	0	0	0	0	FALSE	1.14050688602893e-5	1.75438141056595e-5
215	189847368	190225496	1420	246	0	0	0	0	0	FALSE	1.10561621785783e-5	1.66949743686897e-5
216	190227956	190262052	91	24	0	0	0	0	0	FALSE	7.70131207593815e-7	3.72594416009127e-6
217	190263278	190582270	840	169	0	0	0	0	0	FALSE	6.16482025848418e-6	1.23468556807109e-5
218	190583928	190722850	394	51	0	0	0	0	0	FALSE	1.88109856450302e-6	6.6988448495764e-6
219	190733867	190992347	863	138	0	0	0	0	0	FALSE	4.16907060059829e-6	8.74334235038076e-6
220	190994275	192051714	3786	620	0	0	0	0	0	FALSE	2.23926872376149e-5	2.12098766359156e-5
221	192052942	192093218	99	38	0	0	0	0	0	FALSE	2.5604864342234e-5	4.07788347550456e-5
222	192093883	192293592	192	63	0	0	0	0	0	FALSE	2.17959385831693e-6	6.73622776364105e-6
223	192295856	192757975	1157	217	0	0	0	0	0	FALSE	8.00445619866702e-6	1.33358445378477e-5
224	192758191	193454694	1779	365	0	0	0	0	0	FALSE	1.11333215018651e-5	1.41802721923482e-5
225	193455595	193668899	504	154	0	0	0	0	0	FALSE	4.5850757108555e-6	8.58384782556374e-6
226	193669334	193887662	553	206	0	0	0	0	0	FALSE	1.40908058306584e-5	2.44699877478526e-5
227	193889217	193990653	231	102	0	0	0	0	0	FALSE	3.83254451834023e-6	8.94310587741156e-6
228	193998343	194214944	455	96	0	0	0	0	0	FALSE	4.15839823611374e-6	1.05524744181221e-5
229	194215684	194538565	1054	312	0	0	0	0	0	FALSE	1.34085635859583e-5	1.89017740653074e-5
230	194538971	194755431	1010	244	0	0	0	0	0	FALSE	1.06928473673805e-5	1.70823978015356e-5
231	194756587	196317487	3900	987	0	0	0	0	0	FALSE	4.17859632151283e-5	3.45450815523125e-5
232	196317973	196383201	206	67	0	0	0	0	0	FALSE	2.19805314501064e-6	6.74993606556274e-6
233	196383215	196717004	817	219	0	0	0	0	0	FALSE	8.63347191305367e-6	1.42771692240389e-5
234	196717475	197303333	1611	371	0	0	0	0	0	FALSE	1.43417997055817e-5	1.8192962438094e-5
235	197304761	197840299	1196	195	0	0	0	0	0	FALSE	6.30240660644213e-6	1.10777019318809e-5
