block	start	stop	num_variants	num_variants_in	num_variants_in_0.95	num_variants_in_0.5	num_CS95	num_variants_CS95	num_variants_in_CS95	risk	h2_beta_mean	h2_beta_sd
1	834	147237	409	150	0	0	0	0	0	FALSE	5.00722207189833e-5	6.75544761352207e-5
2	148082	185751	102	41	0	0	0	0	0	FALSE	2.46710405831288e-5	5.36108610726973e-5
3	186183	825983	1678	451	0	1	1	8	2	TRUE	6.96330190782302e-4	1.46216995253297e-4
4	826507	931002	225	78	0	0	0	0	0	FALSE	4.10156202019849e-6	1.13043822371772e-5
5	931993	1485782	1459	476	0	0	0	0	0	FALSE	3.32809316135003e-5	3.72540224212908e-5
6	1487433	1594411	245	81	0	0	0	0	0	FALSE	2.60539108668118e-6	7.15880759411226e-6
7	1602084	2777685	2590	716	0	0	0	0	0	FALSE	3.90003089401856e-5	3.81426740655797e-5
8	2778873	2846004	134	48	0	0	0	0	0	FALSE	2.12980008379329e-6	7.58802505743477e-6
9	2846433	3428176	1759	316	0	0	0	0	0	FALSE	1.4771196420105e-5	2.20364634956332e-5
10	3429303	3703782	731	223	0	0	0	0	0	FALSE	7.6499446298672e-6	1.24117226353224e-5
11	3705526	3747698	102	21	0	0	0	0	0	FALSE	4.89291180335678e-7	2.31677081642954e-6
12	3759459	3800118	70	39	0	0	0	0	0	FALSE	1.32940758128577e-6	5.1921526928672e-6
13	3803663	4398544	1571	367	0	0	0	0	0	FALSE	2.40010274162322e-5	3.36101895679857e-5
14	4400333	4455266	117	49	0	0	0	0	0	FALSE	1.51910359238633e-6	5.34723235621197e-6
15	4457571	4517325	151	52	0	0	0	0	0	FALSE	1.98863734674581e-6	7.65998613025499e-6
16	4519139	4653714	304	79	0	0	0	0	0	FALSE	3.83911250687539e-6	1.12107612850751e-5
17	4655982	5734100	3419	770	0	0	0	0	0	FALSE	3.11923623858904e-5	3.31857366418381e-5
18	5737583	5959278	498	162	0	0	0	0	0	FALSE	5.42170593099196e-6	1.05971642147536e-5
19	5960756	6009003	52	31	0	0	0	0	0	FALSE	2.17784917333943e-6	9.0846302976993e-6
20	6011301	6586754	1560	397	0	0	0	0	0	FALSE	2.37917234535301e-5	2.89174338582442e-5
21	6588847	6846227	615	167	0	0	0	0	0	FALSE	6.40692803690398e-6	1.1923165844133e-5
22	6846575	7059503	410	140	0	0	0	0	0	FALSE	8.54373175162434e-6	1.75243663100304e-5
23	7063555	7250882	275	111	0	0	0	0	0	FALSE	4.71035244119802e-5	6.42239868106125e-5
24	7251713	8007416	1661	420	2	2	2	21	2	TRUE	7.11489447661775e-4	1.59895600368526e-4
25	8008535	8752915	1547	388	0	0	0	0	0	FALSE	2.47663868371174e-5	3.20647765634227e-5
26	8755753	9105583	821	258	0	0	0	0	0	FALSE	7.27786003357517e-5	6.59089178161135e-5
27	9105723	9181459	160	65	0	0	0	0	0	FALSE	2.49001849206145e-6	7.60267927098472e-6
28	9188891	9487085	495	131	0	0	0	0	0	FALSE	6.46723799285614e-6	1.43781476567685e-5
29	9491125	9722915	508	134	0	0	0	0	0	FALSE	4.25633810502535e-6	8.97742418253858e-6
30	9723556	9877481	368	101	0	0	0	0	0	FALSE	4.02423675986159e-6	1.16378660661407e-5
31	9877812	10006276	356	88	0	0	0	0	0	FALSE	2.83049208294044e-6	7.60351498078829e-6
32	10007574	10183031	569	193	0	0	0	0	0	FALSE	8.22600564872385e-6	1.45854941055803e-5
33	10183142	10571980	842	175	0	0	0	0	0	FALSE	8.94140656806903e-6	1.75403270694294e-5
34	10574109	10885809	693	167	0	0	0	0	0	FALSE	5.60736543968965e-6	1.016398311928e-5
35	10887822	11096610	433	115	0	0	0	0	0	FALSE	6.21628724777101e-6	1.4073425610165e-5
36	11104942	11525314	1033	285	0	0	0	0	0	FALSE	1.35267069370345e-5	2.01744692305058e-5
37	11526904	12048104	956	208	0	0	0	0	0	FALSE	7.26419928205658e-6	1.27071728827922e-5
38	12049496	12341836	650	151	0	0	0	0	0	FALSE	1.05710441512833e-5	2.08734777885179e-5
39	12343709	12665764	600	164	0	0	0	0	0	FALSE	2.57703823646983e-5	4.04919254040325e-5
40	12667536	13179558	1609	389	0	0	0	0	0	FALSE	1.93349361156595e-5	2.47688106709425e-5
41	13180735	13314424	395	105	0	0	0	0	0	FALSE	3.97163480625263e-6	9.09969993196012e-6
42	13317195	13645880	1101	274	0	0	0	0	0	FALSE	1.04662658623354e-5	1.60082388299915e-5
43	13648059	13672047	102	24	0	0	0	0	0	FALSE	6.92522622029263e-7	3.33715393788353e-6
44	13676016	13813530	428	113	0	0	0	0	0	FALSE	3.44512942916422e-6	7.78809889175017e-6
45	13815005	14263036	1168	308	0	0	0	0	0	FALSE	1.0071076193378e-5	1.42920284773982e-5
46	14266938	14498924	572	110	0	0	0	0	0	FALSE	3.60871106011629e-6	8.05345079830323e-6
47	14508723	14600944	381	42	0	0	0	0	0	FALSE	4.18870543122926e-6	1.28343942632341e-5
48	14601769	14646929	131	41	0	0	0	0	0	FALSE	2.25134376430209e-6	9.19760242028153e-6
49	14647200	15303769	1885	479	0	0	0	0	0	FALSE	1.63474375763717e-5	1.83233066962949e-5
50	15306819	16411387	2057	382	0	0	0	0	0	FALSE	1.85251274869344e-5	2.30750288803017e-5
51	16412352	17298645	1644	342	0	0	0	0	0	FALSE	1.75546956380022e-5	2.68256655433717e-5
52	17300368	18883659	2304	441	0	0	0	0	0	FALSE	9.27052260705807e-5	6.3199653964752e-5
53	18893514	21284802	2975	567	0	0	0	0	0	FALSE	2.15430992848652e-5	2.24335566418534e-5
54	21286805	25874456	2953	383	0	0	0	0	0	FALSE	1.43615071721131e-5	1.77380244203148e-5
55	25875342	26272577	763	188	0	0	0	0	0	FALSE	5.13380826128511e-6	8.52887346798725e-6
56	26274785	29915011	5164	990	0	0	0	0	0	FALSE	1.25117924450195e-4	8.4818117607243e-5
57	29915990	30878170	2019	469	1	1	1	13	1	TRUE	2.48968452092876e-4	9.87051098622658e-5
58	30881674	30899045	80	27	0	0	0	0	0	FALSE	1.53602679601997e-6	6.64631505070744e-6
59	30899334	31321088	734	117	0	0	0	0	0	FALSE	9.89023238672513e-6	2.46396108401029e-5
60	31321391	31817061	1234	366	0	0	0	0	0	FALSE	1.57203272497879e-5	2.29762075207925e-5
61	31818917	32059564	691	172	0	0	0	0	0	FALSE	8.15635979162209e-6	1.57657225552182e-5
62	32065023	32338871	805	209	0	0	0	0	0	FALSE	6.56107837685792e-6	1.12237182249865e-5
63	32339662	32483270	332	44	0	0	0	0	0	FALSE	1.19679882200314e-6	4.16305649388268e-6
64	32487334	32837626	999	237	0	0	0	0	0	FALSE	1.2848698153691e-5	2.13241123131063e-5
65	32840240	32913130	190	56	0	0	0	0	0	FALSE	3.55840167977617e-6	1.15737393524769e-5
66	32913790	34467214	3751	798	0	0	0	0	0	FALSE	4.29496922888883e-5	3.89137507051077e-5
67	34812075	35017507	369	87	0	0	0	0	0	FALSE	3.65501543938146e-6	9.98604407050066e-6
68	35019479	35286563	633	191	0	0	0	0	0	FALSE	9.78935450364482e-6	1.74970992501391e-5
69	35288015	36044701	1119	283	0	1	0	0	0	FALSE	2.37593925480553e-4	1.16322639077328e-4
70	36045807	36662884	838	231	2	3	3	10	4	TRUE	0.00564869349464764	4.26006914408179e-4
71	36666611	37334426	1233	388	0	0	0	0	0	FALSE	2.22991401417099e-5	2.94564910940419e-5
72	37340336	38876636	3043	524	0	0	0	0	0	FALSE	3.85213214092432e-5	3.80298732022124e-5
73	38877404	39938469	3386	566	0	0	0	0	0	FALSE	2.1124523221767e-5	2.26708913939917e-5
74	39939982	42344422	3863	807	0	0	0	0	0	FALSE	3.27872904254898e-5	2.96142432849767e-5
75	42344552	45307928	6574	922	0	0	0	0	0	FALSE	7.03032390430428e-5	5.76030755815954e-5
76	45308047	47211560	4803	795	1	2	1	3	1	TRUE	9.67087586830545e-4	1.88600316690185e-4
77	47217638	48031560	1322	412	0	1	1	56	2	TRUE	3.83608856124583e-4	1.25615210986779e-4
78	48033589	48123424	228	81	0	0	0	0	0	FALSE	3.59157718281727e-6	9.90269463153409e-6
79	48124547	48361438	463	180	0	0	0	0	0	FALSE	6.4351978887279e-6	1.15135699431437e-5
80	48363767	48733349	897	286	0	0	0	0	0	FALSE	9.20689240685506e-6	1.34855267890167e-5
81	48733637	48987851	446	138	0	0	0	0	0	FALSE	4.2840150196528e-6	8.27150497505356e-6
82	48988250	49900043	1878	387	0	0	0	0	0	FALSE	1.63246041326192e-5	2.06258316789627e-5
83	49900733	51117168	3354	470	0	0	0	0	0	FALSE	1.69319737128218e-5	1.97700632580792e-5
84	51121448	52863768	4006	716	0	0	0	0	0	FALSE	8.73392157310077e-5	8.16453278231893e-5
85	52864735	53347953	1131	235	0	0	0	0	0	FALSE	7.66020046510954e-6	1.17222010149998e-5
86	53354422	54833348	3187	643	0	0	0	0	0	FALSE	2.19169909062194e-5	2.17330412381787e-5
87	54834041	55121495	521	103	0	0	0	0	0	FALSE	3.96780642884125e-6	1.04677199731462e-5
88	55122952	55605218	974	381	0	0	0	0	0	FALSE	1.80156058009799e-5	2.51536855257803e-5
89	55607271	55936970	836	307	0	0	0	0	0	FALSE	2.16136614852884e-5	2.88483390422397e-5
90	55939005	56028334	164	71	0	0	0	0	0	FALSE	4.53171439081107e-6	1.26908393239872e-5
91	56028748	59418195	4689	906	0	1	0	0	0	TRUE	1.8285949676824e-4	8.4303645933376e-5
92	59418773	59546787	172	68	0	0	0	0	0	FALSE	2.2679653138693e-6	6.50368047926553e-6
93	59549603	59649853	124	45	0	0	0	0	0	FALSE	1.95857787427771e-6	7.66055721734136e-6
94	59652435	60882789	1827	388	0	0	0	0	0	FALSE	1.26408221638502e-5	1.57242634801135e-5
95	60887214	62410570	2442	437	0	0	0	0	0	FALSE	4.54267685686847e-5	4.54070095645524e-5
96	62461735	63057651	543	80	0	0	0	0	0	FALSE	3.23221087240764e-6	9.12257402159687e-6
97	63063412	63466883	1245	265	0	0	0	0	0	FALSE	1.61581561474429e-5	2.54270352347598e-5
98	63467174	63513052	122	34	0	0	0	0	0	FALSE	1.0892097283185e-6	4.87977816070624e-6
99	63513962	63568646	82	44	0	0	0	0	0	FALSE	1.46475029748255e-6	5.24185251865008e-6
100	63568658	64800552	3659	605	0	0	0	0	0	FALSE	1.7861869126508e-5	1.81985793454428e-5
101	64800867	65456286	1322	398	0	0	0	0	0	FALSE	1.85117948811366e-5	2.27899717857401e-5
102	65461547	65756235	520	165	0	0	0	0	0	FALSE	8.57477139012259e-6	1.87235108018902e-5
103	65761112	66373575	1444	286	0	0	0	0	0	FALSE	2.12581108904088e-5	2.80539093284608e-5
104	66376128	66901788	1360	323	0	0	0	0	0	FALSE	1.36234083954718e-5	1.87597755252215e-5
105	66904788	67460813	960	201	0	0	0	0	0	FALSE	8.78003183529723e-6	1.56910035701491e-5
106	67462981	68103004	1250	223	0	0	0	0	0	FALSE	7.09674103117486e-6	1.11241913769242e-5
107	68104609	68199133	155	36	0	0	0	0	0	FALSE	9.17237752727129e-7	3.478631867371e-6
108	68199173	69007006	2003	420	0	0	0	0	0	FALSE	3.49405247085417e-5	4.1584496314873e-5
109	69007761	69544575	1434	311	1	1	1	16	1	TRUE	0.00306075140845246	3.09269846713214e-4
110	69547778	70173769	1191	290	0	0	0	0	0	FALSE	3.90090277717049e-5	4.59525524248402e-5
111	70176283	70316434	245	88	0	0	0	0	0	FALSE	2.9526487818754e-6	8.98598359845464e-6
112	70319598	70497310	327	134	0	0	0	0	0	FALSE	1.2019361362276e-5	2.57888460644464e-5
113	70499066	70938620	1038	343	0	0	0	0	0	FALSE	1.40178257376357e-5	1.85576508427069e-5
114	70947492	71041589	236	69	0	0	0	0	0	FALSE	1.70028335011072e-6	4.46786085407973e-6
115	71042412	71420849	821	245	0	0	0	0	0	FALSE	1.85749577595203e-5	3.32500210788342e-5
116	71422924	71978969	1335	431	0	0	0	0	0	FALSE	1.89724991054326e-5	2.28459334465073e-5
117	71979121	72027984	90	45	0	0	0	0	0	FALSE	1.93539955269401e-6	7.38122332676889e-6
118	72028429	72054673	90	28	0	0	0	0	0	FALSE	7.41800036426934e-7	2.94168190520414e-6
119	72055704	72370698	777	281	0	0	0	0	0	FALSE	1.12855690631401e-5	1.60158338549123e-5
120	72372488	72737755	1033	304	0	0	0	0	0	FALSE	1.46223764920146e-5	2.17464559397215e-5
121	72743120	73746647	2292	500	0	0	0	0	0	FALSE	3.32373784998519e-5	3.54006897199431e-5
122	73747128	74590174	1912	458	0	0	0	0	0	FALSE	2.19088619796258e-5	2.66216096401718e-5
123	74591725	74911199	831	171	0	0	0	0	0	FALSE	8.16116080283785e-6	1.70764893513905e-5
124	74912398	75034004	450	155	0	0	0	0	0	FALSE	5.13667106324162e-6	9.69089338639287e-6
125	75035277	75491461	1138	304	0	0	0	0	0	FALSE	1.46731830968731e-5	2.10681083758692e-5
126	75492682	75599618	292	112	0	0	0	0	0	FALSE	4.09349599704594e-6	1.04077522327183e-5
127	75599972	76265005	1700	533	0	0	0	0	0	FALSE	1.77607013692231e-5	1.86056221183134e-5
128	76265804	76351534	225	97	0	0	0	0	0	FALSE	4.56197770017337e-6	1.17285360462592e-5
129	76352554	76601995	971	303	0	0	0	0	0	FALSE	1.46822350400069e-5	2.11401705938552e-5
130	76604895	77195297	1481	447	0	0	0	0	0	FALSE	2.01902531061153e-5	2.31569202068186e-5
131	77195794	77224305	78	39	0	0	0	0	0	FALSE	1.34184877821693e-6	5.93432271898509e-6
132	77224655	77545994	712	258	0	0	0	0	0	FALSE	1.1445501638236e-5	1.74174499808745e-5
133	77631280	77944555	642	241	0	0	0	0	0	FALSE	1.31540272637255e-5	2.38949130132177e-5
134	77945537	78231782	866	256	0	0	0	0	0	FALSE	8.79034354228648e-6	1.39457869050994e-5
135	78235288	78837010	1839	394	0	0	0	0	0	FALSE	3.23950853661152e-5	3.83842652454959e-5
136	78839034	79335335	1512	407	0	0	0	0	0	FALSE	1.79913019893082e-5	2.28493876137552e-5
137	79337431	79697171	1277	240	0	0	0	0	0	FALSE	1.25828564411299e-5	2.01977889285034e-5
138	79697383	80459681	1589	282	0	0	0	0	0	FALSE	1.71664549084383e-5	2.51609221246564e-5
139	80464133	81106522	2064	493	0	0	0	0	0	FALSE	1.48636064027573e-5	1.57649809382058e-5
