block	start	stop	num_variants	num_variants_in	num_variants_in_0.95	num_variants_in_0.5	num_CS95	num_variants_CS95	num_variants_in_CS95	risk	h2_beta_mean	h2_beta_sd
1	33161	347884	589	119	0	0	0	0	0	FALSE	5.34383848751376e-6	1.24362716737875e-5
2	351004	496088	461	144	0	0	0	0	0	FALSE	3.10535967830767e-5	4.5095632985399e-5
3	496180	614449	218	97	0	0	0	0	0	FALSE	3.67281449099478e-6	9.57859745992242e-6
4	614955	905537	912	165	0	0	0	0	0	FALSE	6.22036093057212e-6	1.15479814806366e-5
5	907094	1038880	238	71	0	0	0	0	0	FALSE	2.47034389851719e-6	7.00113692126551e-6
6	1040133	1933861	2003	387	0	0	0	0	0	FALSE	3.37823273947892e-5	4.840266465497e-5
7	1977713	2035831	193	47	0	0	0	0	0	FALSE	2.3224767224243e-6	7.66202796790121e-6
8	2036121	2206683	399	134	0	0	0	0	0	FALSE	3.76941674379853e-6	8.08804779156587e-6
9	2211104	2898861	1839	383	0	0	0	0	0	FALSE	2.22505411565159e-5	2.83406506383758e-5
10	2900639	3134826	609	169	0	0	0	0	0	FALSE	5.72807539607559e-6	1.14390779956561e-5
11	3137441	3348267	622	135	0	0	0	0	0	FALSE	7.10336240481916e-6	1.96211342276801e-5
12	3350197	3423265	182	56	0	0	0	0	0	FALSE	5.66591773155574e-6	1.59321726095502e-5
13	3424358	3522076	111	55	0	0	0	0	0	FALSE	3.09018797645564e-6	9.95184731292291e-6
14	3527141	3611504	158	54	0	0	0	0	0	FALSE	1.69449566127667e-6	5.38582824346519e-6
15	3612331	3725837	201	50	0	0	0	0	0	FALSE	2.01368975742755e-6	6.76954306137338e-6
16	3726127	4041041	552	195	0	0	0	0	0	FALSE	7.12886885239481e-6	1.38898664499921e-5
17	4041428	4204048	404	102	0	0	0	0	0	FALSE	4.18885703457638e-6	1.02296492620134e-5
18	4204552	4344105	311	89	0	0	0	0	0	FALSE	4.3475791795653e-6	1.08711179087994e-5
19	4345856	4381526	94	24	0	0	0	0	0	FALSE	8.21849157735828e-7	3.47408991371485e-6
20	4382993	4443753	167	54	0	0	0	0	0	FALSE	1.38757042643544e-6	4.27313091703955e-6
21	4444996	4769229	937	192	0	0	0	0	0	FALSE	6.2489671681135e-6	1.16324533061421e-5
22	4769953	5198900	949	251	0	0	0	0	0	FALSE	1.11834994302224e-5	1.76654169650287e-5
23	5199545	5316070	333	50	0	0	0	0	0	FALSE	2.00822104823371e-6	6.19757717855138e-6
24	5316672	5350084	80	20	0	0	0	0	0	FALSE	4.88211491222447e-7	2.4269280841195e-6
25	5350886	5568396	476	153	0	0	0	0	0	FALSE	7.71167584467018e-6	1.48779416905897e-5
26	5570218	5992498	1106	357	0	0	0	0	0	FALSE	1.66768556000435e-5	2.20468648724467e-5
27	5995622	6030842	126	33	0	0	0	0	0	FALSE	3.95366823504758e-6	1.49804595809669e-5
28	6033403	6482886	818	212	0	0	0	0	0	FALSE	8.66996261276785e-6	1.47017733472539e-5
29	6486442	6565864	196	65	0	0	0	0	0	FALSE	5.25303858682622e-6	1.99149422275987e-5
30	6566469	6839199	598	137	0	0	0	0	0	FALSE	4.84084236628458e-6	1.01055026103898e-5
31	6843259	7089885	556	194	0	0	0	0	0	FALSE	6.30758907235146e-6	1.20570828936586e-5
32	7094612	7132086	61	22	0	0	0	0	0	FALSE	9.99312594590331e-7	5.49169406421635e-6
33	7132587	7172523	63	19	0	0	0	0	0	FALSE	9.3964760664505e-7	5.29877582831159e-6
34	7176535	7372802	442	108	0	0	0	0	0	FALSE	3.85906583401698e-6	9.08066255826223e-6
35	7375182	8415381	2754	622	0	0	0	0	0	FALSE	2.00420772821595e-5	1.98261260363122e-5
36	8417484	8713965	824	275	0	0	0	0	0	FALSE	1.19403248233511e-5	1.75389236611917e-5
37	8715631	8784723	122	36	0	0	0	0	0	FALSE	1.39957283495094e-6	5.87861524828935e-6
38	8785167	9810523	3004	776	0	0	0	0	0	FALSE	3.09974153837831e-5	2.67874363589675e-5
39	9812314	10115555	718	260	0	0	0	0	0	FALSE	9.70330195237622e-6	1.57877902519264e-5
40	10116926	10153660	78	29	0	0	0	0	0	FALSE	1.01226635359042e-6	4.42639512537017e-6
41	10156438	10398595	703	231	0	0	0	0	0	FALSE	1.32572166186459e-5	2.20453390701506e-5
42	10398673	10668136	649	155	0	0	0	0	0	FALSE	7.22823393573637e-6	1.35798334925929e-5
43	10668356	11075734	1285	325	0	0	0	0	0	FALSE	9.93311587295079e-6	1.31712680609722e-5
44	11076642	11235189	289	100	0	0	0	0	0	FALSE	6.56392627626261e-6	1.63509850756874e-5
45	11235768	11878506	1677	334	0	0	0	0	0	FALSE	1.66137281443362e-5	2.71520034361648e-5
46	11878535	13448684	4201	830	0	0	0	0	0	FALSE	3.15734696783494e-5	2.65573386478612e-5
47	13448856	13569920	366	113	0	0	0	0	0	FALSE	3.31579866015532e-6	7.39662199273476e-6
48	13573068	14355737	1998	391	0	0	0	0	0	FALSE	4.29633586554259e-5	5.6840452442158e-5
49	14361638	19920951	3163	505	0	0	0	0	0	FALSE	2.02269075371479e-5	2.2101660889439e-5
50	19924481	19994344	123	46	0	0	0	0	0	FALSE	2.21918733009483e-6	8.41601858227519e-6
51	19995753	21623416	2997	540	0	0	0	0	0	FALSE	2.39171343288882e-5	2.46602938679555e-5
52	21629887	21848948	371	119	0	0	0	0	0	FALSE	4.94666588911822e-6	1.03588562767645e-5
53	21849024	22746183	1986	476	0	0	0	0	0	FALSE	6.76792793582091e-5	7.39821239021799e-5
54	22748720	22997640	476	147	0	0	0	0	0	FALSE	6.82426329019499e-6	1.40402223799149e-5
55	23000716	24093429	2486	614	0	0	0	0	0	FALSE	3.58175213311596e-5	3.71123739813061e-5
56	24094171	24340007	532	189	0	0	0	0	0	FALSE	8.03388014338715e-6	1.36726191912952e-5
57	24340614	25302059	2177	507	0	0	0	0	0	FALSE	2.02501568335847e-5	2.28456824184729e-5
58	25302948	27231766	4325	727	0	0	0	0	0	FALSE	3.65346971011772e-5	3.47203080576586e-5
59	27234577	30263492	7323	1356	0	0	0	0	0	FALSE	5.36324249259187e-5	3.54749530721016e-5
60	30265178	32074738	3637	639	0	0	0	0	0	FALSE	2.86572406026131e-5	2.72609178016789e-5
61	32076237	33018819	1817	381	0	0	0	0	0	FALSE	1.31328481756854e-5	1.64811752877943e-5
62	33020686	33861415	1964	374	0	0	0	0	0	FALSE	1.49970545664639e-5	1.89338814505479e-5
63	33863402	35074482	2221	538	0	0	0	0	0	FALSE	2.61089334572004e-5	2.717680188558e-5
64	35075250	36061550	2152	478	0	0	0	0	0	FALSE	1.440252651725e-5	1.59663049684793e-5
65	36061917	37684774	3096	635	0	0	0	0	0	FALSE	2.19448982608094e-5	2.14171591164459e-5
66	37686676	39410982	4747	906	0	0	0	0	0	FALSE	4.03674111273889e-5	3.31741172394197e-5
67	39412979	39465814	245	27	0	0	0	0	0	FALSE	1.47925922750395e-6	7.40617911714912e-6
68	39466539	41150167	3932	647	0	0	0	0	0	FALSE	2.4695932314873e-5	2.33298265135922e-5
69	41154089	42606091	3393	809	0	0	0	0	0	FALSE	2.51310982930462e-5	2.16541898626928e-5
70	42606925	43896480	3224	741	0	0	0	0	0	FALSE	2.79903551350046e-5	2.55519937503699e-5
71	43896996	43963417	91	43	0	0	0	0	0	FALSE	1.7428235057603e-6	6.33301823259604e-6
72	43964431	44239104	655	233	0	0	0	0	0	FALSE	8.60356000451e-6	1.51267295710935e-5
73	44242186	45548696	3353	684	0	0	0	0	0	FALSE	1.060101008011e-4	7.03681497699078e-5
74	45549279	45613978	104	48	0	0	0	0	0	FALSE	1.41744241667241e-6	5.20948690166253e-6
75	45614429	45817748	615	198	0	0	0	0	0	FALSE	7.32373202764722e-6	1.27344167961181e-5
76	45819148	46252796	1097	333	0	0	0	0	0	FALSE	1.21335219044937e-5	1.60748683792262e-5
77	46257260	46359103	188	96	0	0	0	0	0	FALSE	4.53880331525851e-6	1.18472091682905e-5
78	46361435	46529162	392	161	0	0	0	0	0	FALSE	2.21340041792731e-5	3.28891697039968e-5
79	46533841	48239146	4687	957	0	0	0	0	0	FALSE	3.70947965202376e-5	2.94231072300024e-5
80	48240837	49014157	1490	331	0	0	0	0	0	FALSE	1.15741596458522e-5	1.61477125131377e-5
81	49014317	49789847	2067	465	0	0	0	0	0	FALSE	1.39604154582172e-5	1.56364617726695e-5
82	49790755	51185144	4769	761	0	0	0	0	0	FALSE	3.64999649436738e-5	3.23675470827784e-5
83	51185199	52821380	4751	575	0	0	0	0	0	TRUE	1.86170677869684e-4	8.93391895030743e-5
84	52828716	53763577	1509	381	0	1	1	10	6	TRUE	1.67865585345158e-4	7.82901634516807e-5
85	53765771	54242024	1002	195	0	0	0	0	0	FALSE	7.11297025941568e-6	1.30942185643549e-5
86	54249878	55213381	2468	462	0	0	0	0	0	FALSE	1.91979403946812e-5	2.17333057466345e-5
87	55214343	55442825	559	163	0	0	0	0	0	FALSE	5.95744231376276e-5	5.95353135112818e-5
88	55444738	55846489	1324	245	0	0	0	0	0	FALSE	8.16060164675658e-6	1.28360374281807e-5
89	55847692	56838653	2564	701	1	1	1	27	1	TRUE	2.31217188686888e-4	9.29024250660204e-5
90	56844431	57212752	1223	264	0	0	0	0	0	FALSE	1.0155316651035e-5	1.69205909571991e-5
91	57214966	57376841	393	88	0	0	0	0	0	FALSE	3.34651800047176e-6	8.11777037759833e-6
92	57377961	57508500	431	109	0	0	0	0	0	FALSE	3.19933600482514e-6	7.47074393858006e-6
93	57514434	57628926	188	69	0	0	0	0	0	FALSE	4.49784494043166e-6	1.40190224997355e-5
94	57631956	59020751	3990	670	0	0	0	0	0	FALSE	2.40722383206849e-5	2.24831293162811e-5
95	59020823	59095353	134	44	0	0	0	0	0	FALSE	1.5879348207415e-6	5.86799885430785e-6
96	59096765	59192959	170	68	0	0	0	0	0	FALSE	2.65707491139747e-6	8.3093163474544e-6
97	59194381	59419483	479	127	0	0	0	0	0	FALSE	4.09699020196609e-6	8.39550469273831e-6
98	59420763	60823554	3586	806	0	0	0	0	0	FALSE	3.07048732434441e-5	2.59948076654732e-5
99	60825829	60956767	356	106	0	0	0	0	0	FALSE	3.5853622737048e-6	8.04499674554618e-6
100	60960310	61816489	2293	351	0	1	0	0	0	FALSE	1.32325283896499e-4	7.85013392149246e-5
101	61823159	62522310	2643	367	0	0	0	0	0	FALSE	1.25167255328678e-5	1.55157054266502e-5
102	62522683	63110093	1220	224	0	0	0	0	0	FALSE	1.07532707602126e-5	1.96313600919219e-5
103	63112383	64887426	5040	678	0	0	0	0	0	FALSE	2.55147485319942e-5	2.46790863820495e-5
104	64888758	65287449	1095	192	0	0	0	0	0	FALSE	8.63370843709224e-6	1.48596408913073e-5
105	65288386	65833138	1715	358	0	0	0	0	0	FALSE	1.67777318584792e-5	2.0830361617973e-5
106	65833432	66193108	841	231	0	0	0	0	0	FALSE	7.25588024158333e-6	1.20851015199083e-5
107	66193844	66625165	1134	220	0	0	0	0	0	FALSE	7.6866172656343e-6	1.25559687647808e-5
108	66625764	67480734	2520	543	0	0	0	0	0	FALSE	2.25227500768965e-5	2.47219707603985e-5
109	67482953	68045018	1642	335	0	0	0	0	0	FALSE	1.07029083951387e-5	1.37106328293494e-5
110	68046411	69382741	4116	925	0	0	0	0	0	FALSE	2.95424686577159e-5	2.2873355558972e-5
111	69384821	69960042	1658	271	0	0	0	0	0	FALSE	1.00014661444736e-5	1.66943350236157e-5
112	69960418	70498202	1521	303	0	0	0	0	0	FALSE	1.40763788622474e-5	2.09265964518991e-5
113	70498372	70720811	822	113	0	0	0	0	0	FALSE	4.29066678915168e-6	1.15061233640365e-5
114	70722986	71245428	1415	353	0	0	0	0	0	FALSE	1.43265168873545e-5	1.96513896585289e-5
115	71246901	71424139	461	134	0	0	0	0	0	FALSE	5.0273462066647e-6	1.05927714401496e-5
116	71425622	71502183	190	74	0	0	0	0	0	FALSE	3.33894592613346e-6	1.02745443670738e-5
117	71502913	71591298	229	86	0	0	0	0	0	FALSE	2.95464536967851e-6	7.45616952145238e-6
118	71594850	72078352	1272	284	0	0	0	0	0	FALSE	2.10846266078426e-5	3.24036941707982e-5
119	72079175	72236483	346	119	0	0	0	0	0	FALSE	4.71357019381442e-6	1.00263894811865e-5
120	72238005	72869656	1068	249	0	0	0	0	0	FALSE	9.9455301956717e-6	1.65562221460251e-5
121	72870210	72928948	176	46	0	0	0	0	0	FALSE	1.41321796612045e-6	4.65102505234206e-6
122	72937113	73565999	2035	470	0	0	0	0	0	FALSE	8.98905072659572e-5	7.02010200619652e-5
123	73568158	74078911	1628	352	0	0	0	0	0	FALSE	1.12984385145017e-5	1.43789205949755e-5
124	74079796	74291344	512	175	0	0	0	0	0	FALSE	5.91706224935543e-6	1.08767683687907e-5
125	74291756	74461578	593	173	0	0	0	0	0	FALSE	7.13863364156243e-6	1.36254904476454e-5
126	74465936	75114991	2197	626	0	0	0	0	0	FALSE	9.96858087628834e-5	7.36666781317505e-5
127	75115354	75603905	1803	426	0	0	0	0	0	FALSE	2.33410148521304e-5	2.76177449847978e-5
128	75605464	75781092	341	112	0	0	0	0	0	FALSE	7.50336195642658e-6	1.59997591299616e-5
129	75785224	76006309	950	253	0	0	0	0	0	FALSE	8.66721932636634e-6	1.37053314316859e-5
130	76007306	76230081	692	176	0	0	0	0	0	FALSE	4.99066632935256e-6	9.14923847785607e-6
131	76233405	76431437	903	201	0	0	0	0	0	FALSE	9.21461814087918e-6	1.55114180705308e-5
132	76433554	77295464	2760	606	1	1	1	2	1	TRUE	6.72236688389289e-4	1.47212054071484e-4
133	77296566	77356669	191	57	0	0	0	0	0	FALSE	3.46388973427198e-6	1.06197988116711e-5
134	77356700	78015557	1836	395	0	0	0	0	0	FALSE	1.17615663672571e-5	1.47537708164148e-5
