block	start	stop	num_variants	num_variants_in	num_variants_in_0.95	num_variants_in_0.5	num_CS95	num_variants_CS95	num_variants_in_CS95	risk	h2_beta_mean	h2_beta_sd
1	90127	1332768	3016	767	1	1	1	31	1	TRUE	3.53408022668469e-4	1.13987053606826e-4
2	1333929	1520234	641	196	0	0	0	0	0	FALSE	7.68241109152476e-6	1.55326489468894e-5
3	1524715	1746219	748	198	0	0	0	0	0	FALSE	6.20865795593832e-6	1.03692878310238e-5
4	1746952	2106619	1328	309	0	0	0	0	0	FALSE	9.33229541807162e-6	1.27788001217098e-5
5	2108090	2736706	2530	533	0	0	0	0	0	FALSE	1.92674009508714e-5	2.02599850673526e-5
6	2738294	3098405	1241	274	0	0	0	0	0	FALSE	1.37468459604488e-5	2.44200953630984e-5
7	3099351	3227125	611	161	0	0	0	0	0	FALSE	1.12830757821672e-5	2.31939616739593e-5
8	3229670	3350988	364	95	0	0	0	0	0	FALSE	3.19298581008619e-6	7.65463534536535e-6
9	3352233	3788702	1186	275	0	0	0	0	0	FALSE	1.42884530021211e-5	1.97520455673575e-5
10	3789086	3868392	189	56	0	0	0	0	0	FALSE	1.7174784701387e-6	5.25494500855369e-6
11	3868557	4235411	967	240	0	0	0	0	0	FALSE	8.75299941835716e-6	1.36980314980889e-5
12	4235648	4300712	171	42	0	0	0	0	0	FALSE	3.31135596795131e-6	1.20822880090561e-5
13	4301773	4573286	631	141	0	0	0	0	0	FALSE	7.30335723473352e-6	1.5624240073814e-5
14	4575439	5393944	3470	597	0	0	0	0	0	FALSE	4.02363683562193e-5	4.03801964629078e-5
15	5396328	6269855	2633	837	0	0	0	0	0	FALSE	8.65167990401368e-5	6.48405084219185e-5
16	6270511	6387130	266	98	0	0	0	0	0	FALSE	8.42171256016621e-6	2.26120740585711e-5
17	6389672	6616120	525	164	0	0	0	0	0	FALSE	5.964310117077e-6	1.09899067474903e-5
18	6618208	7622904	3345	920	0	0	0	0	0	FALSE	3.85529535393361e-5	3.16650833279965e-5
19	7623302	7653487	52	26	0	0	0	0	0	FALSE	7.51589976768089e-7	3.54370843974187e-6
20	7654501	8443513	2403	597	0	0	0	0	0	FALSE	2.2798091971375e-5	2.29438040652048e-5
21	8444689	8607075	589	149	0	0	0	0	0	FALSE	7.29180543640895e-6	1.42606348588777e-5
22	8607737	8925602	817	160	0	0	0	0	0	FALSE	8.99623415062535e-6	1.67987995651887e-5
23	8926204	10081419	3276	642	0	0	0	0	0	FALSE	3.41061835188922e-5	3.32993220526481e-5
24	10082118	10249791	422	116	0	0	0	0	0	FALSE	5.10437879680994e-6	1.17078373028514e-5
25	10249897	10541090	678	140	0	0	0	0	0	FALSE	5.15288685446071e-6	1.07606516723877e-5
26	10542851	11292972	1905	473	0	0	0	0	0	FALSE	1.79182210900843e-5	2.04980033286509e-5
27	11294546	11348623	148	50	0	0	0	0	0	FALSE	1.27013244018401e-6	3.85616672731319e-6
28	11349377	11857507	1249	333	0	0	0	0	0	FALSE	1.62777945443466e-5	2.13133367876392e-5
29	11861549	12386522	1352	332	0	0	0	0	0	FALSE	6.53491423798904e-5	6.07418883902474e-5
30	12387139	12586937	517	185	0	0	0	0	0	FALSE	7.33351067076608e-6	1.33189226546115e-5
31	12587105	12858372	706	240	0	0	0	0	0	FALSE	6.271411540398e-6	9.16505675303879e-6
32	12859844	13206401	937	260	0	0	0	0	0	FALSE	7.96344060746818e-6	1.15921369655525e-5
33	13207277	13781062	1531	497	0	0	0	0	0	FALSE	2.41324305896293e-5	2.78826985029383e-5
34	13782823	14005396	616	217	0	0	0	0	0	FALSE	8.12741446228382e-6	1.33996167940856e-5
35	14006391	14136185	473	112	0	0	0	0	0	FALSE	3.05311710909817e-6	6.77007306366094e-6
36	14136878	14412084	704	205	0	0	0	0	0	FALSE	1.13536813916893e-5	1.93906791404415e-5
37	14412879	14815459	1299	354	0	0	0	0	0	FALSE	1.53107171864956e-5	1.97303136428863e-5
38	14815729	15287567	1338	377	0	0	0	0	0	FALSE	1.20240769469846e-5	1.48754811158372e-5
39	15288617	15984035	1717	359	0	0	0	0	0	FALSE	1.68536302986999e-5	2.07199442576673e-5
40	15984144	16716623	1254	292	0	0	0	0	0	FALSE	1.24639888671167e-5	1.84418135501198e-5
41	16716700	17068112	1140	246	0	0	0	0	0	FALSE	7.66046006353663e-6	1.19194275000803e-5
42	17068128	18136543	2550	472	0	0	0	0	0	FALSE	1.51901494600969e-5	1.84723374095347e-5
43	18209384	18537960	996	304	0	0	0	0	0	FALSE	1.42833090307348e-5	2.07842263912448e-5
44	18538747	19572207	3686	637	0	0	0	0	0	FALSE	5.21939942288194e-5	4.87250367556649e-5
45	19572729	20614730	3716	725	0	0	0	0	0	FALSE	6.31049120238161e-5	5.71643353733921e-5
46	20618349	21314523	2025	406	0	0	0	0	0	FALSE	1.87474284533338e-5	2.20939794043755e-5
47	21314935	23364720	3714	877	0	0	0	0	0	FALSE	8.05998613836874e-5	6.15465425560855e-5
48	23367664	24492674	2592	464	0	0	0	0	0	FALSE	2.18278867140683e-5	2.53641683713979e-5
49	24492892	24627070	249	83	0	0	0	0	0	FALSE	4.44597042399911e-6	1.18165550989994e-5
50	24629653	24691079	193	26	0	0	0	0	0	FALSE	7.86961320033139e-7	3.65338339175869e-6
51	24694909	26018632	3850	775	0	0	0	0	0	FALSE	3.12101698781455e-5	2.9009428423219e-5
52	26023453	26798463	2904	296	0	0	0	0	0	FALSE	1.00647441764692e-5	1.40024593297383e-5
53	26801076	29013251	6599	1237	0	0	0	0	0	FALSE	1.30362575088865e-4	8.2242047794842e-5
54	29015065	29178725	546	88	0	0	0	0	0	FALSE	3.71671797743699e-6	9.22002906808098e-6
55	29179243	29490357	1151	308	0	0	0	0	0	FALSE	3.77504024854089e-5	5.26434466001296e-5
56	29490709	30230765	2278	479	0	0	0	0	0	FALSE	1.99612405674521e-5	2.21638711806025e-5
57	30233296	30285705	134	21	0	0	0	0	0	FALSE	8.13803079977774e-7	4.14417955606569e-6
58	30286263	30686263	780	178	0	0	0	0	0	FALSE	6.36870975748449e-6	1.10485708945742e-5
59	30690019	30915817	669	139	0	0	0	0	0	FALSE	7.22348845523671e-6	1.749080191146e-5
60	30918018	31907445	2093	381	0	0	0	0	0	FALSE	3.92163373174958e-5	4.37987425936118e-5
61	31908498	33660166	5364	826	0	0	0	0	0	FALSE	5.38635092028454e-5	4.41199656474177e-5
62	33660473	34237166	1603	397	0	0	0	0	0	FALSE	1.67190327060551e-5	2.10705509260614e-5
63	34237242	36018887	3334	638	0	0	0	0	0	FALSE	2.4327428478305e-5	2.46643914949944e-5
64	36020445	36205466	420	83	0	0	0	0	0	FALSE	3.24045397709346e-6	8.64164970044262e-6
65	36206258	36470948	1070	150	0	0	0	0	0	FALSE	5.5844067287032e-6	1.1151459004036e-5
66	36474822	36650587	574	92	0	0	0	0	0	FALSE	2.33723686937763e-6	5.43935682982474e-6
67	36653331	44070131	12000	1258	0	0	0	0	0	FALSE	4.33063828941172e-5	3.04506189916845e-5
68	44070357	47701724	6784	1194	1	1	1	4	1	TRUE	5.32820024541544e-4	1.60446389673752e-4
69	47966214	49814057	1664	438	0	0	0	0	0	FALSE	4.89343728447339e-5	4.98653981904108e-5
70	49818324	50837841	2859	621	0	0	0	0	0	FALSE	3.14101652051666e-5	3.2240149431701e-5
71	50839567	53146331	3345	680	1	1	1	1	1	TRUE	0.00493360970025671	3.86019360122998e-4
72	53147494	53602201	1273	311	0	0	0	0	0	FALSE	1.66598821749444e-5	2.23958585405168e-5
73	53605463	53919904	1150	212	0	0	0	0	0	FALSE	8.5413111159762e-6	1.46805907462113e-5
74	53923625	54689386	1854	364	0	0	0	0	0	FALSE	1.97647207831945e-5	2.71109327709532e-5
75	54695684	54839608	372	60	0	0	0	0	0	FALSE	2.01479494163275e-6	5.98283655005675e-6
76	54843187	56886629	6850	1163	0	0	0	0	0	FALSE	6.01059025894999e-5	4.24967876573429e-5
77	56886698	57034407	502	107	0	0	0	0	0	FALSE	7.4329046905626e-6	1.63469701922972e-5
78	57034926	60511752	11392	1296	0	0	0	0	0	FALSE	5.48621531204322e-5	3.79135356711472e-5
79	60514349	60603294	141	38	0	0	0	0	0	FALSE	1.0348069316879e-6	3.58827091524097e-6
80	60604883	61385731	1645	335	0	0	0	0	0	FALSE	1.07128666525301e-5	1.41951982022121e-5
81	61390152	62658720	3699	739	0	0	0	0	0	FALSE	4.10235809241096e-5	3.79092272563817e-5
82	62660140	64213025	3752	833	0	0	0	0	0	FALSE	4.097285446978e-5	3.58078148773594e-5
83	64213619	65947548	4546	778	0	0	0	0	0	FALSE	3.11271770955857e-5	2.69848483099882e-5
84	65947953	67550128	4539	706	0	0	0	0	0	FALSE	3.57187312117375e-5	3.49821956618446e-5
85	67551532	68626126	4148	580	0	0	0	0	0	FALSE	2.31795585181573e-5	2.42358636089427e-5
86	68626688	71134934	7004	1116	0	0	0	0	0	FALSE	7.34330668246326e-5	5.4653486751401e-5
87	71137461	71378059	626	177	0	0	0	0	0	FALSE	8.30661270861755e-6	1.44220628673357e-5
88	71380093	71627257	904	316	0	0	0	0	0	FALSE	1.29159184163657e-5	1.75165719893032e-5
89	71627954	72256640	1706	473	0	0	0	0	0	FALSE	2.18993581426159e-5	2.59827211268157e-5
90	72257760	72984697	2181	596	0	0	0	0	0	FALSE	2.36379993190425e-5	2.42202317519587e-5
91	72985208	73283718	640	212	0	0	0	0	0	FALSE	7.69312677493493e-6	1.22929573832857e-5
92	73284206	73333320	132	57	0	0	0	0	0	FALSE	2.35000746155439e-6	7.21896568549629e-6
93	73335773	73508256	429	165	0	0	0	0	0	FALSE	7.5659079504378e-6	1.4835424675453e-5
94	73508791	77138713	6175	1027	0	0	0	0	0	FALSE	3.98145192118007e-5	3.17118904559515e-5
95	77140034	77683224	803	237	0	0	0	0	0	FALSE	9.27165909345531e-6	1.40318551944634e-5
96	77684766	77916608	363	106	0	0	0	0	0	FALSE	5.09058357199508e-6	1.18445144402178e-5
97	77918114	78706536	1908	344	0	0	0	0	0	FALSE	1.25439348201006e-5	1.67172328944487e-5
98	78709083	79208056	1117	305	0	0	0	0	0	FALSE	1.16611570303457e-5	1.6386460336754e-5
99	79209073	79958541	1676	359	0	0	0	0	0	FALSE	1.92389771261391e-5	2.70011394800888e-5
100	79959887	80026507	138	48	0	0	0	0	0	FALSE	1.86525031288824e-6	6.55295071205117e-6
101	80026583	80876651	2039	653	0	0	0	0	0	FALSE	4.65867837373408e-5	4.25323197749051e-5
102	80877090	81187041	793	252	0	0	0	0	0	FALSE	9.52919555077506e-6	1.46818950529721e-5
103	81189342	82435864	3526	560	0	0	0	0	0	FALSE	1.10870717908477e-4	7.01835292034128e-5
104	82438824	82677542	804	177	0	0	0	0	0	FALSE	6.21864528484816e-6	1.29529881649776e-5
105	82678068	83763627	3225	524	0	0	0	0	0	FALSE	2.70896487227469e-5	2.98429517582603e-5
106	83764410	83875895	358	79	0	0	0	0	0	FALSE	2.66749950339855e-6	7.6389411258968e-6
107	83876526	85458234	5124	840	0	0	0	0	0	FALSE	3.01983990354837e-5	2.62330867283204e-5
108	85460588	85666169	732	144	0	0	0	0	0	FALSE	4.73152151060129e-6	9.78022486126475e-6
109	85667085	85917764	818	185	0	0	0	0	0	FALSE	1.23964038297908e-5	2.04337568048354e-5
110	85920085	87689215	5422	939	0	0	0	0	0	FALSE	4.37191220766289e-5	3.46001306971555e-5
111	87689288	87938800	611	162	0	0	0	0	0	FALSE	6.62209056362175e-6	1.26007299999766e-5
112	87941108	89976112	4242	965	0	0	0	0	0	FALSE	3.78507760757222e-5	3.00228948073591e-5
113	89977789	90739319	1727	431	0	1	1	55	3	TRUE	1.93733248383684e-4	8.47998444683884e-5
114	90739782	91011159	937	213	0	0	0	0	0	FALSE	1.17702028593146e-5	1.84032352522184e-5
115	91016442	92873811	5400	948	0	0	0	0	0	FALSE	3.63659915346629e-5	2.91026123026087e-5
116	92880112	92902863	55	10	0	0	0	0	0	FALSE	2.89500649302543e-7	2.15276146466544e-6
117	92907832	95362627	5941	1071	0	0	0	0	0	FALSE	6.34181658275585e-5	4.7796226789286e-5
118	95363106	95394331	98	32	0	0	0	0	0	FALSE	9.47422981269691e-7	3.63687245244283e-6
119	95396491	95524004	340	59	0	0	0	0	0	FALSE	3.10840874909008e-6	9.02100382962288e-6
120	95524944	97063375	3702	606	0	0	0	0	0	FALSE	2.37556510206518e-5	2.44484526385881e-5
121	97064588	97996035	2763	550	0	0	0	0	0	FALSE	2.18082524060963e-5	2.25127812976108e-5
122	97996819	98483545	1076	254	0	0	0	0	0	FALSE	1.30121323492968e-5	2.04530159026635e-5
123	98483774	98901159	676	173	0	0	0	0	0	FALSE	1.45765186120562e-5	3.09499953420322e-5
124	98903017	99634835	1739	391	0	0	0	0	0	FALSE	3.60915240502419e-5	4.12483209117535e-5
125	99636773	100242109	1180	276	0	0	0	0	0	FALSE	1.39192970695484e-5	1.96720955690396e-5
126	100245092	102089663	4293	706	0	0	0	0	0	FALSE	4.85723968373478e-5	4.59996458181102e-5
127	102095122	102621414	953	234	0	0	0	0	0	FALSE	6.85563104826436e-6	1.10983679848457e-5
128	102623021	102790452	271	78	0	0	0	0	0	FALSE	2.22908442916204e-6	6.18520469507043e-6
129	102792230	106139294	6171	1346	0	1	1	12	2	TRUE	5.58758907371442e-4	1.41840705020708e-4
130	106142008	107888541	4103	768	0	0	0	0	0	FALSE	2.80982183746666e-5	2.46077459702388e-5
131	107890675	108726426	2316	451	0	0	0	0	0	FALSE	1.85834758717947e-5	2.16729430577408e-5
132	108729447	108797314	143	21	0	0	0	0	0	FALSE	7.52244562299124e-7	3.80632323293222e-6
133	108799523	110316481	4917	872	0	0	0	0	0	FALSE	3.07384606973342e-5	2.4120476283503e-5
134	110318382	112192112	4145	798	0	0	0	0	0	FALSE	3.25849886955425e-5	2.74549705824353e-5
135	112194290	112562345	856	235	0	0	0	0	0	FALSE	6.67920622611364e-6	1.02619145904502e-5
136	112562518	113953966	3540	752	0	0	0	0	0	FALSE	2.9018612087755e-5	2.61124288176681e-5
137	113954383	114246914	600	142	0	0	0	0	0	FALSE	9.55698495886399e-6	2.39566515574361e-5
138	114251130	114549428	506	148	0	0	0	0	0	FALSE	5.44410740673151e-6	1.03818178243409e-5
139	114551744	114925369	596	215	0	0	0	0	0	TRUE	1.5675952591423e-4	7.62864998791499e-5
140	114926455	115703513	1670	469	0	0	0	0	0	FALSE	5.69807302593838e-5	5.54057173555529e-5
141	115704458	116139682	1075	223	0	0	0	0	0	FALSE	1.30110322526126e-5	2.2216973950274e-5
142	116143800	117844511	3382	604	0	0	0	0	0	FALSE	2.66405549332377e-5	2.72294413130669e-5
143	117848741	119523426	3723	872	0	0	0	0	0	FALSE	4.30322415271969e-5	3.94459122116132e-5
144	119523717	119613089	170	71	0	0	0	0	0	FALSE	3.20788981144444e-6	1.02688927728327e-5
145	119613610	119975539	764	195	0	0	0	0	0	FALSE	9.5140009159537e-6	1.7094360496344e-5
146	119975908	120588918	1682	372	0	0	0	0	0	FALSE	1.15484584258479e-5	1.43073524184003e-5
147	120592015	120728835	290	64	0	0	0	0	0	FALSE	3.60314220973103e-6	1.22285896706206e-5
148	120730740	121875895	2858	645	0	0	0	0	0	FALSE	3.4178318124686e-5	3.38823100857534e-5
149	121876227	122405647	1260	334	0	0	0	0	0	FALSE	1.40170242713634e-5	1.81492226015223e-5
150	122406856	123134482	2197	472	0	2	2	56	5	TRUE	6.11191114126722e-4	1.42326353992823e-4
151	123135200	123901171	2096	542	0	2	0	0	0	FALSE	2.27288830750031e-4	1.13790858562295e-4
152	123901964	124907101	2629	688	0	0	0	0	0	FALSE	3.0804402381071e-5	3.12216799483023e-5
153	124914082	125276076	888	264	0	0	0	0	0	FALSE	8.45140471382917e-6	1.18989795104344e-5
154	125277956	125543163	897	220	0	0	0	0	0	FALSE	8.5834836145679e-6	1.32267259788901e-5
155	125545650	125867071	787	217	0	0	0	0	0	FALSE	6.63749293835296e-6	1.09096360596502e-5
156	125919795	126142257	531	151	0	0	0	0	0	FALSE	4.08209399357196e-6	7.7319543121175e-6
157	126144179	126758790	1568	385	0	1	1	7	2	TRUE	3.2625958958587e-4	1.07248782226505e-4
158	126759360	127378696	1511	354	0	0	0	0	0	FALSE	1.90021042041016e-5	2.38703994518162e-5
159	127378993	128144078	1605	398	0	0	0	0	0	FALSE	1.98399454102683e-5	2.37260771666955e-5
160	128144858	128410980	642	205	0	0	0	0	0	FALSE	8.39462060137001e-6	1.433851136208e-5
161	128412656	129205219	1614	412	0	0	0	0	0	FALSE	2.87705551644764e-5	3.5757826538888e-5
162	129206324	129681641	1856	418	0	0	0	0	0	FALSE	1.49557830289402e-5	1.8158046911791e-5
163	129681917	130309042	1830	573	0	0	0	0	0	FALSE	2.57887023158878e-5	2.57600968798803e-5
164	130311136	130480136	485	106	0	0	0	0	0	FALSE	5.86629872038131e-6	1.44456649453323e-5
165	130482347	130669638	316	148	0	0	0	0	0	FALSE	5.8844792037849e-6	1.21835567401314e-5
166	130669686	130842093	492	137	0	0	0	0	0	FALSE	4.81240230231263e-6	1.0222169606227e-5
167	130846049	131052204	591	124	0	0	0	0	0	FALSE	6.6495401395188e-6	1.44035189229678e-5
168	131054701	131642783	1688	312	0	0	0	0	0	FALSE	1.18938172301383e-5	1.58846377504598e-5
169	131643908	131737756	137	71	0	0	0	0	0	FALSE	3.2226382886791e-6	8.7900967616115e-6
170	131741327	131819496	118	36	0	0	0	0	0	FALSE	1.59172472584228e-6	6.64688858863607e-6
171	131819764	132598827	2892	580	0	0	0	0	0	FALSE	3.12531740934513e-5	3.20555445145432e-5
172	132599456	132999819	1686	410	0	0	0	0	0	FALSE	1.95211143998403e-5	2.29540496371294e-5
173	133000320	133357513	1352	432	0	0	0	0	0	FALSE	1.36376210058138e-5	1.71311674804845e-5
174	133357778	133676869	1009	213	0	0	0	0	0	FALSE	1.15240640711165e-5	1.83534154886107e-5
175	133729181	134038530	1062	250	0	0	0	0	0	FALSE	7.77771155476815e-6	1.15272166479882e-5
176	134039709	134868235	2549	675	0	0	0	0	0	FALSE	2.9079961109555e-5	3.11191921229667e-5
177	134876364	135439049	1773	360	0	0	0	0	0	FALSE	1.48753490445449e-5	2.06824154430264e-5
